
Clu#	Lag	X	Y	Z	X(mm)	Y(mm)	Z(mm)	BSR	Appro.P	Clu_Size(voxels)
------------------------------------------------------------------------------------------------

1	0	52	39	18	66.0	-12.0	-21.0	6.4239	0.0000	378
2	0	30	28	18	0.0	-45.0	-21.0	5.0729	0.0000	25
3	0	29	41	39	-3.0	-6.0	42.0	5.0450	0.0000	189
4	0	36	14	22	18.0	-87.0	-9.0	4.6414	0.0000	373
5	0	17	13	31	-39.0	-90.0	18.0	4.5097	0.0000	203
6	0	33	26	28	9.0	-51.0	9.0	4.2849	0.0000	178
7	0	15	16	20	-45.0	-81.0	-15.0	4.0106	0.0001	62
8	0	47	24	30	51.0	-57.0	15.0	3.8362	0.0001	210
9	0	9	31	26	-63.0	-36.0	3.0	3.8336	0.0001	220
10	0	25	30	22	-15.0	-39.0	-9.0	3.6944	0.0002	36
11	0	34	58	36	12.0	45.0	33.0	3.6208	0.0003	39
12	0	29	60	21	-3.0	51.0	-12.0	3.6027	0.0003	28
13	0	36	30	17	18.0	-39.0	-24.0	3.5819	0.0003	49
14	0	23	20	23	-21.0	-69.0	-6.0	3.3477	0.0008	30
15	0	42	30	22	36.0	-39.0	-9.0	3.1470	0.0016	52
16	0	31	16	36	3.0	-81.0	33.0	3.1049	0.0019	135
17	0	43	42	46	39.0	-3.0	63.0	2.9900	0.0028	29
18	0	44	18	33	42.0	-75.0	24.0	2.9209	0.0035	31
19	0	47	40	23	51.0	-9.0	-6.0	2.9058	0.0037	20
20	0	28	64	34	-6.0	63.0	27.0	2.8808	0.0040	83
21	0	43	45	34	39.0	6.0	27.0	2.7648	0.0057	23

------------------------------------------------------------------------------------------------
Source: /X/
condition_19_behav_lsassr_delta_post_b1_BfMRIresult.mat
LV Idx: 1, Pos.Thresh: 2.0000, Neg.Thresh: -2.0000, Min Size: 20(voxels)
Pos.Peak Thresh: 2.0000, Neg.Peak Thresh: -2.0000, Min Distance: 10.0mm 

