
Clu#	Lag	X	Y	Z	X(mm)	Y(mm)	Z(mm)	BSR	Appro.P	Clu_Size(voxels)
------------------------------------------------------------------------------------------------

1	0	47	42	15	51.0	-3.0	-30.0	4.9126	0.0000	154
2	0	39	65	24	27.0	66.0	-3.0	4.8444	0.0000	193
3	0	47	48	39	51.0	15.0	42.0	4.4551	0.0000	871
4	0	31	18	36	3.0	-75.0	33.0	4.4536	0.0000	448
5	0	19	52	42	-33.0	27.0	51.0	4.4255	0.0000	211
6	0	26	27	18	-12.0	-48.0	-21.0	4.1990	0.0000	39
7	0	36	17	21	18.0	-78.0	-12.0	4.1860	0.0000	117
8	0	16	22	32	-42.0	-63.0	21.0	4.1779	0.0000	111
9	0	31	35	36	3.0	-24.0	33.0	4.0787	0.0000	155
10	0	49	25	30	57.0	-54.0	15.0	4.0547	0.0001	182
11	0	21	64	26	-27.0	63.0	3.0	3.8269	0.0001	351
12	0	29	35	25	-3.0	-24.0	0.0	3.6117	0.0003	82
13	0	24	46	17	-18.0	9.0	-24.0	3.6114	0.0003	55
14	0	51	42	26	63.0	-3.0	3.0	3.4839	0.0005	37
15	0	19	45	36	-33.0	6.0	33.0	3.4639	0.0005	31
16	0	12	50	35	-54.0	21.0	30.0	3.4046	0.0007	59
17	0	36	26	17	18.0	-51.0	-24.0	3.3660	0.0008	34
18	0	32	19	14	6.0	-72.0	-33.0	3.1282	0.0018	36
19	0	9	26	37	-63.0	-51.0	36.0	3.0459	0.0023	26
20	0	38	24	9	24.0	-57.0	-48.0	3.0056	0.0027	35
21	0	15	51	20	-45.0	24.0	-15.0	2.9605	0.0031	134
22	0	32	56	25	6.0	39.0	0.0	2.9443	0.0032	46
23	0	13	36	29	-51.0	-21.0	12.0	2.9397	0.0033	23
24	0	23	21	14	-21.0	-66.0	-33.0	2.9329	0.0034	28
25	0	17	21	12	-39.0	-66.0	-39.0	2.8828	0.0039	56
26	0	44	35	30	42.0	-24.0	15.0	2.8633	0.0042	53
27	0	29	62	38	-3.0	57.0	39.0	2.7485	0.0060	27
28	0	48	50	25	54.0	21.0	0.0	2.7409	0.0061	40
29	0	35	47	19	15.0	12.0	-18.0	2.6697	0.0076	20
30	0	41	60	25	33.0	51.0	0.0	2.4683	0.0136	26
31	0	31	39	30	3.0	-12.0	15.0	-4.1941	0.0000	44
32	0	31	42	22	3.0	-3.0	-9.0	-3.6736	0.0002	20
33	0	16	16	23	-42.0	-81.0	-6.0	-2.7712	0.0056	27
34	0	20	17	32	-30.0	-78.0	21.0	-2.5005	0.0124	20

------------------------------------------------------------------------------------------------
Source: /X/
condition_1_behav_lsassr_delta_post_b1_BfMRIresult.mat
LV Idx: 1, Pos.Thresh: 2.0000, Neg.Thresh: -2.0000, Min Size: 20(voxels)
Pos.Peak Thresh: 2.0000, Neg.Peak Thresh: -2.0000, Min Distance: 10.0mm 

