
Clu#	Lag	X	Y	Z	X(mm)	Y(mm)	Z(mm)	BSR	Appro.P	Clu_Size(voxels)
------------------------------------------------------------------------------------------------

1	0	53	36	19	69.0	-21.0	-18.0	4.2981	0.0000	199
2	0	17	13	31	-39.0	-90.0	18.0	4.2196	0.0000	142
3	0	30	41	39	0.0	-6.0	42.0	4.1964	0.0000	61
4	0	31	45	39	3.0	6.0	42.0	3.2932	0.0010	92
5	0	8	39	25	-66.0	-12.0	0.0	3.2433	0.0012	26
6	0	39	13	20	27.0	-90.0	-15.0	3.2080	0.0013	32
7	0	45	25	26	45.0	-54.0	3.0	3.1586	0.0016	40
8	0	43	31	21	39.0	-36.0	-12.0	2.8847	0.0039	23
9	0	26	18	38	-12.0	-75.0	39.0	-4.0101	0.0001	45
10	0	44	61	24	42.0	54.0	-3.0	-3.6862	0.0002	24
11	0	16	44	38	-42.0	3.0	39.0	-3.6293	0.0003	72
12	0	24	34	46	-18.0	-27.0	63.0	-2.8923	0.0038	27
13	0	15	33	38	-45.0	-30.0	39.0	-2.8885	0.0039	113
14	0	21	60	24	-27.0	51.0	-3.0	-2.7853	0.0053	20
15	0	22	50	45	-24.0	21.0	60.0	-2.6437	0.0082	21
16	0	24	41	44	-18.0	-6.0	57.0	-2.4842	0.0130	24

------------------------------------------------------------------------------------------------
Source: /X/
condition_18_behav_lsassr_delta_post_b1_BfMRIresult.mat
LV Idx: 1, Pos.Thresh: 2.0000, Neg.Thresh: -2.0000, Min Size: 20(voxels)
Pos.Peak Thresh: 2.0000, Neg.Peak Thresh: -2.0000, Min Distance: 10.0mm 

