
Clu#	Lag	X	Y	Z	X(mm)	Y(mm)	Z(mm)	BSR	Appro.P	Clu_Size(voxels)
------------------------------------------------------------------------------------------------

1	0	17	13	31	-39.0	-90.0	18.0	4.8833	0.0000	54
2	0	35	16	21	15.0	-81.0	-12.0	4.5411	0.0000	453
3	0	23	34	18	-21.0	-27.0	-21.0	4.5362	0.0000	20
4	0	25	13	37	-15.0	-90.0	36.0	4.2837	0.0000	92
5	0	28	26	38	-6.0	-51.0	39.0	3.3357	0.0009	24
6	0	52	37	18	66.0	-18.0	-21.0	3.3318	0.0009	40
7	0	28	50	41	-6.0	21.0	48.0	3.1836	0.0015	38
8	0	25	19	22	-15.0	-72.0	-9.0	2.7278	0.0064	23
9	0	19	41	44	-33.0	-6.0	57.0	2.5941	0.0095	21
10	0	45	35	30	45.0	-24.0	15.0	-5.5041	0.0000	96
11	0	42	59	24	36.0	48.0	-3.0	-5.3999	0.0000	111
12	0	17	30	19	-39.0	-39.0	-18.0	-4.7366	0.0000	79
13	0	41	47	16	33.0	12.0	-27.0	-4.5093	0.0000	45
14	0	19	49	15	-33.0	18.0	-30.0	-4.3716	0.0000	90
15	0	36	10	22	18.0	-99.0	-9.0	-4.3196	0.0000	36
16	0	39	49	46	27.0	18.0	63.0	-4.2674	0.0000	130
17	0	16	25	33	-42.0	-54.0	24.0	-4.1736	0.0000	47
18	0	45	46	13	45.0	9.0	-36.0	-3.6766	0.0002	25
19	0	45	42	29	45.0	-3.0	12.0	-3.5904	0.0003	21
20	0	34	54	35	12.0	33.0	30.0	-3.4495	0.0006	45
21	0	39	23	14	27.0	-60.0	-33.0	-3.4281	0.0006	104
22	0	43	49	38	39.0	18.0	39.0	-3.3858	0.0007	62
23	0	19	50	44	-33.0	21.0	57.0	-3.1685	0.0015	35
24	0	29	43	26	-3.0	0.0	3.0	-3.1629	0.0016	21
25	0	28	13	33	-6.0	-90.0	24.0	-3.1627	0.0016	32
26	0	38	49	18	24.0	18.0	-21.0	-3.0661	0.0022	36
27	0	30	60	24	0.0	51.0	-3.0	-3.0557	0.0022	34
28	0	17	44	38	-39.0	3.0	39.0	-3.0385	0.0024	29
29	0	16	32	39	-42.0	-33.0	42.0	-3.0383	0.0024	68
30	0	11	41	37	-57.0	-6.0	36.0	-2.9871	0.0028	21
31	0	26	61	17	-12.0	54.0	-24.0	-2.9376	0.0033	25
32	0	21	60	24	-27.0	51.0	-3.0	-2.8913	0.0038	23
33	0	18	19	16	-36.0	-72.0	-27.0	-2.8403	0.0045	21
34	0	30	21	11	0.0	-66.0	-42.0	-2.7868	0.0053	66
35	0	30	53	29	0.0	30.0	12.0	-2.6862	0.0072	30
36	0	24	23	14	-18.0	-60.0	-33.0	-2.6797	0.0074	55

------------------------------------------------------------------------------------------------
Source: /X/
condition_15_behav_lsassr_delta_post_b1_BfMRIresult.mat
LV Idx: 1, Pos.Thresh: 2.0000, Neg.Thresh: -2.0000, Min Size: 20(voxels)
Pos.Peak Thresh: 2.0000, Neg.Peak Thresh: -2.0000, Min Distance: 10.0mm 

